00000 00000 00100 00000 00000
p1111 11111 11111 11111 11110
01111 11111 11111 11111 11110
01111 11111 11111 11111 11110

01111 11111 11111 11111 11110
01111 11111 11111 11111 1111k
01111 11111 11111 11111 1111w
01111 11111 11111 11111 11110

01111 11111 112w1 11111 11110
01111 11111 11111 11111 11110
01111 11111 11111 11111 11110
01111 11111 11111 11111 11110

01111 11111 11111 11111 11110
01111 11111 11111 11111 11110
01111 11111 11111 11111 11110 
00000 00000 00100 00000 00000

0 = empty tile
1 = wall
2 = lock

t = teleporter red
u = teleporter green
w = teleporter blue

p = player
k = key

