00000 00000 00000 00000 00000
00000 00000 00000 00000 00000
00000 00000 00000 00000 00000
00000 00000 00000 00000 00000

00000 00000 00000 00000 00000
00000 00000 00000 00000 00000
00000 00000 00000 00000 00000
00000 00000 00000 00000 00000

00000 00000 00000 00000 00000
00000 00000 00000 00000 00000
00000 00000 00000 00000 00000
00000 00000 00000 00000 00000

00000 00000 00000 00000 00000
00000 00000 00000 00000 00000
00000 00000 00000 00000 00000 
00000 00000 00000 00000 00000

0 = empty tile
1 = wall
2 = lock

t = teleporter red
u = teleporter green
v = teleporter blue

p = player
k = key

